p-Distanz
     [,1] [,2] [,3] [,4]
[1,]  0.0  0.2  1.0  0.0
[2,]  0.2  0.0  0.8  0.2
[3,]  1.0  0.8  0.0  1.0
[4,]  0.0  0.2  1.0  0.0

Poisson-Distanz
          [,1]      [,2]     [,3]      [,4]
[1,] 0.0000000 0.2231436      Inf 0.0000000
[2,] 0.2231436 0.0000000 1.609438 0.2231436
[3,]       Inf 1.6094379 0.000000       Inf
[4,] 0.0000000 0.2231436      Inf 0.0000000

Jukes-Cantor-Distanz
          [,1]      [,2] [,3]      [,4]
[1,] 0.0000000 0.2326162   NA 0.0000000
[2,] 0.2326162 0.0000000   NA 0.2326162
[3,]        NA        NA    0        NA
[4,] 0.0000000 0.2326162   NA 0.0000000